--------[ 2014-02-13 00:00:00 -0500 ]

L.cer.detmap =
      3    19     0     9     1  1881
      4    11    32    41     1  1877
L.cer.npmt = 10
L.cer.position = 0  0  1.72
L.cer.size = 1  0.4  1
L.cer.tdc.offsets = 0  0  0  0  0  0  0  0  0  0
L.cer.adc.pedestals = 497.2  460.1  489.4  478.9  592.4  573.5  596.2  525.6  533.4  502.9
L.cer.adc.gains = 0.98  0.9  1.35  1.24  0.97  1.18  0.97  0.97  1.01  0.91

--------[ 2014-12-06 00:00:00 -0500 ]

L.cer.adc.pedestals = 501.5  467.1  495.9  488.7  591  575.2  598.5  531.3  530.8  503.2
L.cer.adc.gains = 0.99  1.05  1.02  1.03  0.96  0.91  1.17  0.99  1.07  1.08

