--------[ 2016-02-05 00:00:00 -0500 ]

R.vdc.nwires = 368
R.vdc.wire.spacing = -0.0042426
R.vdc.tdc.min = 800
R.vdc.tdc.max = 2200
R.vdc.tdc.res = 5e-10
R.vdc.ttd.param =
    2.12e-03   0.00e+00   0.00e+00   0.00e+00
   -4.20e-04   1.30e-03   1.06e-04   0.00e+00
    4.00e-09
R.vdc.t0.res = 6e-08
R.vdc.clust.minsize = 4
R.vdc.clust.maxspan = 7
R.vdc.maxgap = 0
R.vdc.tdiff.min = 3e-08
R.vdc.tdiff.max = 1.5e-07
R.vdc.u1.detmap =
     2    7    0   95    0
     2    8    0   95   96
     2    9    0   95  192
     2   10    0   79  288
R.vdc.u1.position = 0  0  0
R.vdc.u1.wire.start = 0.77852
R.vdc.u1.wire.angle = -45
R.vdc.u1.driftvel = 50000
R.vdc.u1.tdc.offsets =
   1533.3  1533.3  1533.3  1533.3  1533.3  1533.3  1533.3  1533.3
   1533.3  1533.3  1533.3  1533.3  1533.3  1533.3  1533.3  1533.3
   1534.1  1534.1  1534.1  1534.1  1534.1  1534.1  1534.1  1534.1
   1534.1  1534.1  1534.1  1534.1  1534.1  1534.1  1534.1  1534.1
   1534.7  1534.7  1534.7  1534.7  1534.7  1534.7  1534.7  1534.7
   1534.7  1534.7  1534.7  1534.7  1534.7  1534.7  1534.7  1534.7
   1533.9  1533.9  1533.9  1533.9  1533.9  1533.9  1533.9  1533.9
   1533.9  1533.9  1533.9  1533.9  1533.9  1533.9  1533.9  1533.9
   1534.2  1534.2  1534.2  1534.2  1534.2  1534.2  1534.2  1534.2
   1534.2  1534.2  1534.2  1534.2  1534.2  1534.2  1534.2  1534.2
   1526.4  1526.4  1526.4  1526.4  1526.4  1526.4  1526.4  1526.4
   1526.4  1526.4  1526.4  1526.4  1526.4  1526.4  1526.4  1526.4
   1533.8  1533.8  1533.8  1533.8  1533.8  1533.8  1533.8  1533.8
   1533.8  1533.8  1533.8  1533.8  1533.8  1533.8  1533.8  1533.8
   1527.2  1527.2  1527.2  1527.2  1527.2  1527.2  1527.2  1527.2
   1527.2  1527.2  1527.2  1527.2  1527.2  1527.2  1527.2  1527.2
   1527.2  1527.2  1527.2  1527.2  1527.2  1527.2  1527.2  1527.2
   1527.2  1527.2  1527.2  1527.2  1527.2  1527.2  1527.2  1527.2
   1526.2  1526.2  1526.2  1526.2  1526.2  1526.2  1526.2  1526.2
   1526.2  1526.2  1526.2  1526.2  1526.2  1526.2  1526.2  1526.2
     1526    1526    1526    1526    1526    1526    1526    1526
     1526    1526    1526    1526    1526    1526    1526    1526
   1525.5  1525.5  1525.5  1525.5  1525.5  1525.5  1525.5  1525.5
   1525.5  1525.5  1525.5  1525.5  1525.5  1525.5  1525.5  1525.5
   1526.4  1526.4  1526.4  1526.4  1526.4  1526.4  1526.4  1526.4
   1526.4  1526.4  1526.4  1526.4  1526.4  1526.4  1526.4  1526.4
   1525.2  1525.2  1525.2  1525.2  1525.2  1525.2  1525.2  1525.2
   1525.2  1525.2  1525.2  1525.2  1525.2  1525.2  1525.2  1525.2
   1525.2  1525.2  1525.2  1525.2  1525.2  1525.2  1525.2  1525.2
   1525.2  1525.2  1525.2  1525.2  1525.2  1525.2  1525.2  1525.2
   1517.9  1517.9  1517.9  1517.9  1517.9  1517.9  1517.9  1517.9
   1517.9  1517.9  1517.9  1517.9  1517.9  1517.9  1517.9  1517.9
   1517.8  1517.8  1517.8  1517.8  1517.8  1517.8  1517.8  1517.8
   1517.8  1517.8  1517.8  1517.8  1517.8  1517.8  1517.8  1517.8
   1517.1  1517.1  1517.1  1517.1  1517.1  1517.1  1517.1  1517.1
   1517.1  1517.1  1517.1  1517.1  1517.1  1517.1  1517.1  1517.1
   1518.4  1518.4  1518.4  1518.4  1518.4  1518.4  1518.4  1518.4
   1518.4  1518.4  1518.4  1518.4  1518.4  1518.4  1518.4  1518.4
   1517.3  1517.3  1517.3  1517.3  1517.3  1517.3  1517.3  1517.3
   1517.3  1517.3  1517.3  1517.3  1517.3  1517.3  1517.3  1517.3
   1518.3  1518.3  1518.3  1518.3  1518.3  1518.3  1518.3  1518.3
   1518.3  1518.3  1518.3  1518.3  1518.3  1518.3  1518.3  1518.3
   1519.6  1519.6  1519.6  1519.6  1519.6  1519.6  1519.6  1519.6
   1519.6  1519.6  1519.6  1519.6  1519.6  1519.6  1519.6  1519.6
   1514.8  1514.8  1514.8  1514.8  1514.8  1514.8  1514.8  1514.8
   1514.8  1514.8  1514.8  1514.8  1514.8  1514.8  1514.8  1514.8
R.vdc.v1.detmap =
     6   17    0   95    0
     6   18    0   95   96
     6   19    0   95  192
     6   20    0   79  288
R.vdc.v1.position = 0  0  0.026
R.vdc.v1.wire.start = 0.77852
R.vdc.v1.wire.angle = 45
R.vdc.v1.driftvel = 49710
R.vdc.v1.tdc.offsets =
   1539.5  1539.5  1539.5  1539.5  1539.5  1539.5  1539.5  1539.5
   1539.5  1539.5  1539.5  1539.5  1539.5  1539.5  1539.5  1539.5
   1535.5  1535.5  1535.5  1535.5  1535.5  1535.5  1535.5  1535.5
   1535.5  1535.5  1535.5  1535.5  1535.5  1535.5  1535.5  1535.5
   1536.8  1536.8  1536.8  1536.8  1536.8  1536.8  1536.8  1536.8
   1536.8  1536.8  1536.8  1536.8  1536.8  1536.8  1536.8  1536.8
   1536.2  1536.2  1536.2  1536.2  1536.2  1536.2  1536.2  1536.2
   1536.2  1536.2  1536.2  1536.2  1536.2  1536.2  1536.2  1536.2
   1535.6  1535.6  1535.6  1535.6  1535.6  1535.6  1535.6  1535.6
   1535.6  1535.6  1535.6  1535.6  1535.6  1535.6  1535.6  1535.6
     1535    1535    1535    1535    1535    1535    1535    1535
     1535    1535    1535    1535    1535    1535    1535    1535
   1535.6  1535.6  1535.6  1535.6  1535.6  1535.6  1535.6  1535.6
   1535.6  1535.6  1535.6  1535.6  1535.6  1535.6  1535.6  1535.6
   1534.5  1534.5  1534.5  1534.5  1534.5  1534.5  1534.5  1534.5
   1534.5  1534.5  1534.5  1534.5  1534.5  1534.5  1534.5  1534.5
   1534.6  1534.6  1534.6  1534.6  1534.6  1534.6  1534.6  1534.6
   1534.6  1534.6  1534.6  1534.6  1534.6  1534.6  1534.6  1534.6
     1527    1527    1527    1527    1527    1527    1527    1527
     1527    1527    1527    1527    1527    1527    1527    1527
     1527    1527    1527    1527    1527    1527    1527    1527
     1527    1527    1527    1527    1527    1527    1527    1527
   1526.5  1526.5  1526.5  1526.5  1526.5  1526.5  1526.5  1526.5
   1526.5  1526.5  1526.5  1526.5  1526.5  1526.5  1526.5  1526.5
   1527.1  1527.1  1527.1  1527.1  1527.1  1527.1  1527.1  1527.1
   1527.1  1527.1  1527.1  1527.1  1527.1  1527.1  1527.1  1527.1
   1526.6  1526.6  1526.6  1526.6  1526.6  1526.6  1526.6  1526.6
   1526.6  1526.6  1526.6  1526.6  1526.6  1526.6  1526.6  1526.6
   1526.3  1526.3  1526.3  1526.3  1526.3  1526.3  1526.3  1526.3
   1526.3  1526.3  1526.3  1526.3  1526.3  1526.3  1526.3  1526.3
   1525.3  1525.3  1525.3  1525.3  1525.3  1525.3  1525.3  1525.3
   1525.3  1525.3  1525.3  1525.3  1525.3  1525.3  1525.3  1525.3
   1525.2  1525.2  1525.2  1525.2  1525.2  1525.2  1525.2  1525.2
   1525.2  1525.2  1525.2  1525.2  1525.2  1525.2  1525.2  1525.2
   1517.5  1517.5  1517.5  1517.5  1517.5  1517.5  1517.5  1517.5
   1517.5  1517.5  1517.5  1517.5  1517.5  1517.5  1517.5  1517.5
   1525.4  1525.4  1525.4  1525.4  1525.4  1525.4  1525.4  1525.4
   1525.4  1525.4  1525.4  1525.4  1525.4  1525.4  1525.4  1525.4
   1518.3  1518.3  1518.3  1518.3  1518.3  1518.3  1518.3  1518.3
   1518.3  1518.3  1518.3  1518.3  1518.3  1518.3  1518.3  1518.3
   1524.9  1524.9  1524.9  1524.9  1524.9  1524.9  1524.9  1524.9
   1524.9  1524.9  1524.9  1524.9  1524.9  1524.9  1524.9  1524.9
   1517.7  1517.7  1517.7  1517.7  1517.7  1517.7  1517.7  1517.7
   1517.7  1517.7  1517.7  1517.7  1517.7  1517.7  1517.7  1517.7
   1528.8  1528.8  1528.8  1528.8  1528.8  1528.8  1528.8  1528.8
   1528.8  1528.8  1528.8  1528.8  1528.8  1528.8  1528.8  1528.8
R.vdc.u2.detmap =
     2    3    0   95    0
     2    4    0   95   96
     2    5    0   95  192
     2    6    0   79  288
R.vdc.u2.position = 0  0  0.3327
R.vdc.u2.wire.start = 1.02793
R.vdc.u2.wire.angle = -45
R.vdc.u2.driftvel = 49530
R.vdc.u2.tdc.offsets =
     1527    1527    1527    1527    1527    1527    1527    1527
     1527    1527    1527    1527    1527    1527    1527    1527
   1525.7  1525.7  1525.7  1525.7  1525.7  1525.7  1525.7  1525.7
   1525.7  1525.7  1525.7  1525.7  1525.7  1525.7  1525.7  1525.7
   1525.5  1525.5  1525.5  1525.5  1525.5  1525.5  1525.5  1525.5
   1525.5  1525.5  1525.5  1525.5  1525.5  1525.5  1525.5  1525.5
   1517.8  1517.8  1517.8  1517.8  1517.8  1517.8  1517.8  1517.8
   1517.8  1517.8  1517.8  1517.8  1517.8  1517.8  1517.8  1517.8
     1518    1518    1518    1518    1518    1518    1518    1518
     1518    1518    1518    1518    1518    1518    1518    1518
     1518    1518    1518    1518    1518    1518    1518    1518
     1518    1518    1518    1518    1518    1518    1518    1518
   1525.8  1525.8  1525.8  1525.8  1525.8  1525.8  1525.8  1525.8
   1525.8  1525.8  1525.8  1525.8  1525.8  1525.8  1525.8  1525.8
   1525.3  1525.3  1525.3  1525.3  1525.3  1525.3  1525.3  1525.3
   1525.3  1525.3  1525.3  1525.3  1525.3  1525.3  1525.3  1525.3
   1518.3  1518.3  1518.3  1518.3  1518.3  1518.3  1518.3  1518.3
   1518.3  1518.3  1518.3  1518.3  1518.3  1518.3  1518.3  1518.3
   1517.5  1517.5  1517.5  1517.5  1517.5  1517.5  1517.5  1517.5
   1517.5  1517.5  1517.5  1517.5  1517.5  1517.5  1517.5  1517.5
   1516.9  1516.9  1516.9  1516.9  1516.9  1516.9  1516.9  1516.9
   1516.9  1516.9  1516.9  1516.9  1516.9  1516.9  1516.9  1516.9
   1516.5  1516.5  1516.5  1516.5  1516.5  1516.5  1516.5  1516.5
   1516.5  1516.5  1516.5  1516.5  1516.5  1516.5  1516.5  1516.5
   1517.1  1517.1  1517.1  1517.1  1517.1  1517.1  1517.1  1517.1
   1517.1  1517.1  1517.1  1517.1  1517.1  1517.1  1517.1  1517.1
   1516.5  1516.5  1516.5  1516.5  1516.5  1516.5  1516.5  1516.5
   1516.5  1516.5  1516.5  1516.5  1516.5  1516.5  1516.5  1516.5
   1516.8  1516.8  1516.8  1516.8  1516.8  1516.8  1516.8  1516.8
   1516.8  1516.8  1516.8  1516.8  1516.8  1516.8  1516.8  1516.8
     1509    1509    1509    1509    1509    1509    1509    1509
     1509    1509    1509    1509    1509    1509    1509    1509
   1509.8  1509.8  1509.8  1509.8  1509.8  1509.8  1509.8  1509.8
   1509.8  1509.8  1509.8  1509.8  1509.8  1509.8  1509.8  1509.8
   1509.3  1509.3  1509.3  1509.3  1509.3  1509.3  1509.3  1509.3
   1509.3  1509.3  1509.3  1509.3  1509.3  1509.3  1509.3  1509.3
   1516.6  1516.6  1516.6  1516.6  1516.6  1516.6  1516.6  1516.6
   1516.6  1516.6  1516.6  1516.6  1516.6  1516.6  1516.6  1516.6
   1509.9  1509.9  1509.9  1509.9  1509.9  1509.9  1509.9  1509.9
   1509.9  1509.9  1509.9  1509.9  1509.9  1509.9  1509.9  1509.9
   1509.4  1509.4  1509.4  1509.4  1509.4  1509.4  1509.4  1509.4
   1509.4  1509.4  1509.4  1509.4  1509.4  1509.4  1509.4  1509.4
   1510.3  1510.3  1510.3  1510.3  1510.3  1510.3  1510.3  1510.3
   1510.3  1510.3  1510.3  1510.3  1510.3  1510.3  1510.3  1510.3
   1516.7  1516.7  1516.7  1516.7  1516.7  1516.7  1516.7  1516.7
   1516.7  1516.7  1516.7  1516.7  1516.7  1516.7  1516.7  1516.7
R.vdc.v2.detmap =
     6   24    0   95    0
     6   23    0   95   96
     6   22    0   95  192
     6   21    0   79  288
R.vdc.v2.position = 0  0  0.3587
R.vdc.v2.wire.start = 1.02793
R.vdc.v2.wire.angle = 45
R.vdc.v2.driftvel = 49480
R.vdc.v2.tdc.offsets =
   1535.9  1535.9  1535.9  1535.9  1535.9  1535.9  1535.9  1535.9
   1535.9  1535.9  1535.9  1535.9  1535.9  1535.9  1535.9  1535.9
   1535.4  1535.4  1535.4  1535.4  1535.4  1535.4  1535.4  1535.4
   1535.4  1535.4  1535.4  1535.4  1535.4  1535.4  1535.4  1535.4
   1535.4  1535.4  1535.4  1535.4  1535.4  1535.4  1535.4  1535.4
   1535.4  1535.4  1535.4  1535.4  1535.4  1535.4  1535.4  1535.4
   1535.1  1535.1  1535.1  1535.1  1535.1  1535.1  1535.1  1535.1
   1535.1  1535.1  1535.1  1535.1  1535.1  1535.1  1535.1  1535.1
   1534.6  1534.6  1534.6  1534.6  1534.6  1534.6  1534.6  1534.6
   1534.6  1534.6  1534.6  1534.6  1534.6  1534.6  1534.6  1534.6
   1533.3  1533.3  1533.3  1533.3  1533.3  1533.3  1533.3  1533.3
   1533.3  1533.3  1533.3  1533.3  1533.3  1533.3  1533.3  1533.3
   1535.3  1535.3  1535.3  1535.3  1535.3  1535.3  1535.3  1535.3
   1535.3  1535.3  1535.3  1535.3  1535.3  1535.3  1535.3  1535.3
   1526.8  1526.8  1526.8  1526.8  1526.8  1526.8  1526.8  1526.8
   1526.8  1526.8  1526.8  1526.8  1526.8  1526.8  1526.8  1526.8
   1526.7  1526.7  1526.7  1526.7  1526.7  1526.7  1526.7  1526.7
   1526.7  1526.7  1526.7  1526.7  1526.7  1526.7  1526.7  1526.7
   1526.6  1526.6  1526.6  1526.6  1526.6  1526.6  1526.6  1526.6
   1526.6  1526.6  1526.6  1526.6  1526.6  1526.6  1526.6  1526.6
   1525.9  1525.9  1525.9  1525.9  1525.9  1525.9  1525.9  1525.9
   1525.9  1525.9  1525.9  1525.9  1525.9  1525.9  1525.9  1525.9
   1525.3  1525.3  1525.3  1525.3  1525.3  1525.3  1525.3  1525.3
   1525.3  1525.3  1525.3  1525.3  1525.3  1525.3  1525.3  1525.3
   1526.2  1526.2  1526.2  1526.2  1526.2  1526.2  1526.2  1526.2
   1526.2  1526.2  1526.2  1526.2  1526.2  1526.2  1526.2  1526.2
   1525.2  1525.2  1525.2  1525.2  1525.2  1525.2  1525.2  1525.2
   1525.2  1525.2  1525.2  1525.2  1525.2  1525.2  1525.2  1525.2
   1525.6  1525.6  1525.6  1525.6  1525.6  1525.6  1525.6  1525.6
   1525.6  1525.6  1525.6  1525.6  1525.6  1525.6  1525.6  1525.6
   1524.7  1524.7  1524.7  1524.7  1524.7  1524.7  1524.7  1524.7
   1524.7  1524.7  1524.7  1524.7  1524.7  1524.7  1524.7  1524.7
   1517.8  1517.8  1517.8  1517.8  1517.8  1517.8  1517.8  1517.8
   1517.8  1517.8  1517.8  1517.8  1517.8  1517.8  1517.8  1517.8
     1517    1517    1517    1517    1517    1517    1517    1517
     1517    1517    1517    1517    1517    1517    1517    1517
   1525.3  1525.3  1525.3  1525.3  1525.3  1525.3  1525.3  1525.3
   1525.3  1525.3  1525.3  1525.3  1525.3  1525.3  1525.3  1525.3
   1524.7  1524.7  1524.7  1524.7  1524.7  1524.7  1524.7  1524.7
   1524.7  1524.7  1524.7  1524.7  1524.7  1524.7  1524.7  1524.7
   1517.7  1517.7  1517.7  1517.7  1517.7  1517.7  1517.7  1517.7
   1517.7  1517.7  1517.7  1517.7  1517.7  1517.7  1517.7  1517.7
   1517.4  1517.4  1517.4  1517.4  1517.4  1517.4  1517.4  1517.4
   1517.4  1517.4  1517.4  1517.4  1517.4  1517.4  1517.4  1517.4
     1523    1523    1523    1523    1523    1523    1523    1523
     1523    1523    1523    1523    1523    1523    1523    1523
R.vdc.matrixelem = 
  t 0 0 0 -1.004600e+00 -3.349200e-01 -4.078700e-02
  y 0 0 0 -5.157400e-03  2.642400e-04  2.234600e-03
  p 0 0 0 -7.435500e-04 -2.130200e-03  1.195000e-03
  D 0 0 0  1.189274e-03  8.314633e-02  1.006409e-02  4.442864e-04  4.350350e-03
  D 1 0 0 -4.497939e-02  3.364857e-01  6.616237e-02 -9.119512e-02
  D 2 0 0 -2.095335e+00  2.237222e+00 -3.646238e+00
  D 0 0 2  2.453926e-01  1.959684e-01  1.903411e+00
  D 0 2 0  6.644631e-01  8.471878e-01 -1.372656e-01
  D 0 1 1 -6.621566e-02  1.285096e+00  3.276931e-01
  D 3 0 0 -9.022217e+00 -4.004790e+01
  D 1 2 0  3.851844e+00 -6.989975e+00
  D 1 0 2 -5.298557e+00 -9.966752e+01
  D 1 1 1 -4.071121e+01 -4.695666e+01
  T 0 0 0 -2.285520e-03  1.170219e-03  7.366407e-03  7.575346e-04
  T 1 0 0 -2.404680e+00  5.536382e-01 -1.750370e-02  1.778148e-01
  T 2 0 0 -1.286304e+00  4.446672e+00 -5.898222e+00
  T 0 0 2  3.880697e-01 -1.654041e-01 -7.406574e-01
  T 0 2 0 -1.858726e-01 -4.958203e-01  2.853752e-01
  T 1 2 0  1.413430e+01 -3.462274e+01
  T 3 0 0  8.871399e+01 -8.002202e+01
  T 2 0 2 -5.781147e+02
  T 4 0 0 -8.154570e+03
  P 0 0 0  3.094839e-04 -8.871611e-04 -4.587681e-04  4.149247e-05  7.500900e-04
  P 0 0 1 -6.259406e-01 -1.643189e-01  1.926234e-01 -3.084137e-02
  P 1 0 0 -2.831424e-02  3.152105e-02  1.553025e-02 -1.820689e-01
  P 0 1 0 -3.415480e-01  3.525627e-01 -5.724135e-02 -3.245939e-03
  P 0 1 2  6.872743e+00 -1.506804e+02
  P 1 1 0  4.165194e+00  9.244242e-02 -1.389249e-01
  P 1 0 1  3.988361e+00 -4.662539e-01  1.094239e+00
  P 0 0 3  2.538366e+01  1.255325e+01
  P 2 0 1 -3.629986e+01 -4.826123e+01
  P 2 1 0 -5.986951e+01  3.797997e+01
  P 0 2 1 -3.598006e+01 -6.227691e+01
  P 0 3 0 -2.329939e+01 -1.662473e+00
  P 1 0 3  4.960274e+02
  P 1 3 0 -7.612748e+02
  P 3 0 1  3.887155e+02
  P 3 1 0  6.147530e+02
  P 1 1 2 -8.252639e+02
  P 1 2 1  9.980288e+01
  Y 0 0 0  1.448916e-03  4.750662e-04 -5.640232e-04 -5.772051e-04
  Y 0 0 1  8.386790e-01 -1.105024e+00 -5.862543e-01  1.178644e-01
  Y 0 1 0 -1.146250e+00 -7.511396e-01  1.792319e-01  6.399131e-02
  Y 1 0 0  6.942296e-02 -4.030659e-02 -1.294950e-02  1.157913e-01
  Y 1 0 1 -1.309420e+00 -7.985455e+00 -7.032218e+00
  Y 1 1 0 -1.440649e+01  6.806043e-02 -3.025592e+00
  Y 1 1 2  7.455821e+02
  Y 1 2 1  2.648355e+02
  Y 1 0 3 -3.886727e+02
  Y 1 3 0  9.895725e+02
  Y 0 0 3  2.035914e+00  1.103812e+01
  Y 2 1 0  3.248813e+02 -1.610776e+02
  Y 0 3 0  1.062244e+01 -1.908783e+01
  Y 2 0 1  4.111891e+02  1.971838e+02
  Y 3 0 1  2.788987e+03
  Y 3 1 0  7.124976e+02


--------[ 2016-09-10 00:00:00 -0400 ]

R.vdc.u1.tdc.offsets =
   1516.9  1516.9  1516.9  1516.9  1516.9  1516.9  1516.9  1516.9
   1516.9  1516.9  1516.9  1516.9  1516.9  1516.9  1516.9  1516.9
   1514.4  1514.4  1514.4  1514.4  1514.4  1514.4  1514.4  1514.4
   1514.4  1514.4  1514.4  1514.4  1514.4  1514.4  1514.4  1514.4
   1513.3  1513.3  1513.3  1513.3  1513.3  1513.3  1513.3  1513.3
   1513.3  1513.3  1513.3  1513.3  1513.3  1513.3  1513.3  1513.3
   1511.8  1511.8  1511.8  1511.8  1511.8  1511.8  1511.8  1511.8
   1511.8  1511.8  1511.8  1511.8  1511.8  1511.8  1511.8  1511.8
   1515.4  1515.4  1515.4  1515.4  1515.4  1515.4  1515.4  1515.4
   1515.4  1515.4  1515.4  1515.4  1515.4  1515.4  1515.4  1515.4
   1512.7  1512.7  1512.7  1512.7  1512.7  1512.7  1512.7  1512.7
   1512.7  1512.7  1512.7  1512.7  1512.7  1512.7  1512.7  1512.7
   1517.7  1517.7  1517.7  1517.7  1517.7  1517.7  1517.7  1517.7
   1517.7  1517.7  1517.7  1517.7  1517.7  1517.7  1517.7  1517.7
   1517.1  1517.1  1517.1  1517.1  1517.1  1517.1  1517.1  1517.1
   1517.1  1517.1  1517.1  1517.1  1517.1  1517.1  1517.1  1517.1
   1519.9  1519.9  1519.9  1519.9  1519.9  1519.9  1519.9  1519.9
   1519.9  1519.9  1519.9  1519.9  1519.9  1519.9  1519.9  1519.9
   1517.1  1517.1  1517.1  1517.1  1517.1  1517.1  1517.1  1517.1
   1517.1  1517.1  1517.1  1517.1  1517.1  1517.1  1517.1  1517.1
   1517.8  1517.8  1517.8  1517.8  1517.8  1517.8  1517.8  1517.8
   1517.8  1517.8  1517.8  1517.8  1517.8  1517.8  1517.8  1517.8
   1517.1  1517.1  1517.1  1517.1  1517.1  1517.1  1517.1  1517.1
   1517.1  1517.1  1517.1  1517.1  1517.1  1517.1  1517.1  1517.1
   1520.2  1520.2  1520.2  1520.2  1520.2  1520.2  1520.2  1520.2
   1520.2  1520.2  1520.2  1520.2  1520.2  1520.2  1520.2  1520.2
   1517.8  1517.8  1517.8  1517.8  1517.8  1517.8  1517.8  1517.8
   1517.8  1517.8  1517.8  1517.8  1517.8  1517.8  1517.8  1517.8
   1519.5  1519.5  1519.5  1519.5  1519.5  1519.5  1519.5  1519.5
   1519.5  1519.5  1519.5  1519.5  1519.5  1519.5  1519.5  1519.5
   1517.5  1517.5  1517.5  1517.5  1517.5  1517.5  1517.5  1517.5
   1517.5  1517.5  1517.5  1517.5  1517.5  1517.5  1517.5  1517.5
   1519.6  1519.6  1519.6  1519.6  1519.6  1519.6  1519.6  1519.6
   1519.6  1519.6  1519.6  1519.6  1519.6  1519.6  1519.6  1519.6
   1516.6  1516.6  1516.6  1516.6  1516.6  1516.6  1516.6  1516.6
   1516.6  1516.6  1516.6  1516.6  1516.6  1516.6  1516.6  1516.6
   1521.1  1521.1  1521.1  1521.1  1521.1  1521.1  1521.1  1521.1
   1521.1  1521.1  1521.1  1521.1  1521.1  1521.1  1521.1  1521.1
   1519.9  1519.9  1519.9  1519.9  1519.9  1519.9  1519.9  1519.9
   1519.9  1519.9  1519.9  1519.9  1519.9  1519.9  1519.9  1519.9
   1520.5  1520.5  1520.5  1520.5  1520.5  1520.5  1520.5  1520.5
   1520.5  1520.5  1520.5  1520.5  1520.5  1520.5  1520.5  1520.5
   1523.4  1523.4  1523.4  1523.4  1523.4  1523.4  1523.4  1523.4
   1523.4  1523.4  1523.4  1523.4  1523.4  1523.4  1523.4  1523.4
   1522.2  1522.2  1522.2  1522.2  1522.2  1522.2  1522.2  1522.2
   1522.2  1522.2  1522.2  1522.2  1522.2  1522.2  1522.2  1522.2
R.vdc.v1.tdc.offsets =
   1524.6  1524.6  1524.6  1524.6  1524.6  1524.6  1524.6  1524.6
   1524.6  1524.6  1524.6  1524.6  1524.6  1524.6  1524.6  1524.6
   1519.4  1519.4  1519.4  1519.4  1519.4  1519.4  1519.4  1519.4
   1519.4  1519.4  1519.4  1519.4  1519.4  1519.4  1519.4  1519.4
   1522.8  1522.8  1522.8  1522.8  1522.8  1522.8  1522.8  1522.8
   1522.8  1522.8  1522.8  1522.8  1522.8  1522.8  1522.8  1522.8
   1519.7  1519.7  1519.7  1519.7  1519.7  1519.7  1519.7  1519.7
   1519.7  1519.7  1519.7  1519.7  1519.7  1519.7  1519.7  1519.7
   1522.9  1522.9  1522.9  1522.9  1522.9  1522.9  1522.9  1522.9
   1522.9  1522.9  1522.9  1522.9  1522.9  1522.9  1522.9  1522.9
   1522.3  1522.3  1522.3  1522.3  1522.3  1522.3  1522.3  1522.3
   1522.3  1522.3  1522.3  1522.3  1522.3  1522.3  1522.3  1522.3
     1524    1524    1524    1524    1524    1524    1524    1524
     1524    1524    1524    1524    1524    1524    1524    1524
   1523.2  1523.2  1523.2  1523.2  1523.2  1523.2  1523.2  1523.2
   1523.2  1523.2  1523.2  1523.2  1523.2  1523.2  1523.2  1523.2
   1523.9  1523.9  1523.9  1523.9  1523.9  1523.9  1523.9  1523.9
   1523.9  1523.9  1523.9  1523.9  1523.9  1523.9  1523.9  1523.9
   1522.3  1522.3  1522.3  1522.3  1522.3  1522.3  1522.3  1522.3
   1522.3  1522.3  1522.3  1522.3  1522.3  1522.3  1522.3  1522.3
   1522.4  1522.4  1522.4  1522.4  1522.4  1522.4  1522.4  1522.4
   1522.4  1522.4  1522.4  1522.4  1522.4  1522.4  1522.4  1522.4
   1521.4  1521.4  1521.4  1521.4  1521.4  1521.4  1521.4  1521.4
   1521.4  1521.4  1521.4  1521.4  1521.4  1521.4  1521.4  1521.4
   1524.4  1524.4  1524.4  1524.4  1524.4  1524.4  1524.4  1524.4
   1524.4  1524.4  1524.4  1524.4  1524.4  1524.4  1524.4  1524.4
   1523.9  1523.9  1523.9  1523.9  1523.9  1523.9  1523.9  1523.9
   1523.9  1523.9  1523.9  1523.9  1523.9  1523.9  1523.9  1523.9
   1523.5  1523.5  1523.5  1523.5  1523.5  1523.5  1523.5  1523.5
   1523.5  1523.5  1523.5  1523.5  1523.5  1523.5  1523.5  1523.5
   1521.8  1521.8  1521.8  1521.8  1521.8  1521.8  1521.8  1521.8
   1521.8  1521.8  1521.8  1521.8  1521.8  1521.8  1521.8  1521.8
   1521.8  1521.8  1521.8  1521.8  1521.8  1521.8  1521.8  1521.8
   1521.8  1521.8  1521.8  1521.8  1521.8  1521.8  1521.8  1521.8
     1520    1520    1520    1520    1520    1520    1520    1520
     1520    1520    1520    1520    1520    1520    1520    1520
   1523.3  1523.3  1523.3  1523.3  1523.3  1523.3  1523.3  1523.3
   1523.3  1523.3  1523.3  1523.3  1523.3  1523.3  1523.3  1523.3
     1522    1522    1522    1522    1522    1522    1522    1522
     1522    1522    1522    1522    1522    1522    1522    1522
   1523.4  1523.4  1523.4  1523.4  1523.4  1523.4  1523.4  1523.4
   1523.4  1523.4  1523.4  1523.4  1523.4  1523.4  1523.4  1523.4
   1520.4  1520.4  1520.4  1520.4  1520.4  1520.4  1520.4  1520.4
   1520.4  1520.4  1520.4  1520.4  1520.4  1520.4  1520.4  1520.4
   1524.1  1524.1  1524.1  1524.1  1524.1  1524.1  1524.1  1524.1
   1524.1  1524.1  1524.1  1524.1  1524.1  1524.1  1524.1  1524.1
R.vdc.u2.tdc.offsets =
   1508.7  1508.7  1508.7  1508.7  1508.7  1508.7  1508.7  1508.7
   1508.7  1508.7  1508.7  1508.7  1508.7  1508.7  1508.7  1508.7
   1505.4  1505.4  1505.4  1505.4  1505.4  1505.4  1505.4  1505.4
   1505.4  1505.4  1505.4  1505.4  1505.4  1505.4  1505.4  1505.4
   1505.6  1505.6  1505.6  1505.6  1505.6  1505.6  1505.6  1505.6
   1505.6  1505.6  1505.6  1505.6  1505.6  1505.6  1505.6  1505.6
   1504.7  1504.7  1504.7  1504.7  1504.7  1504.7  1504.7  1504.7
   1504.7  1504.7  1504.7  1504.7  1504.7  1504.7  1504.7  1504.7
   1504.6  1504.6  1504.6  1504.6  1504.6  1504.6  1504.6  1504.6
   1504.6  1504.6  1504.6  1504.6  1504.6  1504.6  1504.6  1504.6
     1505    1505    1505    1505    1505    1505    1505    1505
     1505    1505    1505    1505    1505    1505    1505    1505
   1512.6  1512.6  1512.6  1512.6  1512.6  1512.6  1512.6  1512.6
   1512.6  1512.6  1512.6  1512.6  1512.6  1512.6  1512.6  1512.6
   1510.1  1510.1  1510.1  1510.1  1510.1  1510.1  1510.1  1510.1
   1510.1  1510.1  1510.1  1510.1  1510.1  1510.1  1510.1  1510.1
   1509.7  1509.7  1509.7  1509.7  1509.7  1509.7  1509.7  1509.7
   1509.7  1509.7  1509.7  1509.7  1509.7  1509.7  1509.7  1509.7
   1510.2  1510.2  1510.2  1510.2  1510.2  1510.2  1510.2  1510.2
   1510.2  1510.2  1510.2  1510.2  1510.2  1510.2  1510.2  1510.2
   1509.2  1509.2  1509.2  1509.2  1509.2  1509.2  1509.2  1509.2
   1509.2  1509.2  1509.2  1509.2  1509.2  1509.2  1509.2  1509.2
   1508.9  1508.9  1508.9  1508.9  1508.9  1508.9  1508.9  1508.9
   1508.9  1508.9  1508.9  1508.9  1508.9  1508.9  1508.9  1508.9
   1509.2  1509.2  1509.2  1509.2  1509.2  1509.2  1509.2  1509.2
   1509.2  1509.2  1509.2  1509.2  1509.2  1509.2  1509.2  1509.2
   1508.6  1508.6  1508.6  1508.6  1508.6  1508.6  1508.6  1508.6
   1508.6  1508.6  1508.6  1508.6  1508.6  1508.6  1508.6  1508.6
     1512    1512    1512    1512    1512    1512    1512    1512
     1512    1512    1512    1512    1512    1512    1512    1512
   1509.2  1509.2  1509.2  1509.2  1509.2  1509.2  1509.2  1509.2
   1509.2  1509.2  1509.2  1509.2  1509.2  1509.2  1509.2  1509.2
     1511    1511    1511    1511    1511    1511    1511    1511
     1511    1511    1511    1511    1511    1511    1511    1511
   1510.1  1510.1  1510.1  1510.1  1510.1  1510.1  1510.1  1510.1
   1510.1  1510.1  1510.1  1510.1  1510.1  1510.1  1510.1  1510.1
     1513    1513    1513    1513    1513    1513    1513    1513
     1513    1513    1513    1513    1513    1513    1513    1513
   1513.3  1513.3  1513.3  1513.3  1513.3  1513.3  1513.3  1513.3
   1513.3  1513.3  1513.3  1513.3  1513.3  1513.3  1513.3  1513.3
   1514.1  1514.1  1514.1  1514.1  1514.1  1514.1  1514.1  1514.1
   1514.1  1514.1  1514.1  1514.1  1514.1  1514.1  1514.1  1514.1
   1512.2  1512.2  1512.2  1512.2  1512.2  1512.2  1512.2  1512.2
   1512.2  1512.2  1512.2  1512.2  1512.2  1512.2  1512.2  1512.2
   1513.6  1513.6  1513.6  1513.6  1513.6  1513.6  1513.6  1513.6
   1513.6  1513.6  1513.6  1513.6  1513.6  1513.6  1513.6  1513.6
R.vdc.v2.tdc.offsets =
   1519.6  1519.6  1519.6  1519.6  1519.6  1519.6  1519.6  1519.6
   1519.6  1519.6  1519.6  1519.6  1519.6  1519.6  1519.6  1519.6
   1517.7  1517.7  1517.7  1517.7  1517.7  1517.7  1517.7  1517.7
   1517.7  1517.7  1517.7  1517.7  1517.7  1517.7  1517.7  1517.7
   1518.5  1518.5  1518.5  1518.5  1518.5  1518.5  1518.5  1518.5
   1518.5  1518.5  1518.5  1518.5  1518.5  1518.5  1518.5  1518.5
   1517.8  1517.8  1517.8  1517.8  1517.8  1517.8  1517.8  1517.8
   1517.8  1517.8  1517.8  1517.8  1517.8  1517.8  1517.8  1517.8
   1519.2  1519.2  1519.2  1519.2  1519.2  1519.2  1519.2  1519.2
   1519.2  1519.2  1519.2  1519.2  1519.2  1519.2  1519.2  1519.2
   1518.5  1518.5  1518.5  1518.5  1518.5  1518.5  1518.5  1518.5
   1518.5  1518.5  1518.5  1518.5  1518.5  1518.5  1518.5  1518.5
     1523    1523    1523    1523    1523    1523    1523    1523
     1523    1523    1523    1523    1523    1523    1523    1523
   1517.6  1517.6  1517.6  1517.6  1517.6  1517.6  1517.6  1517.6
   1517.6  1517.6  1517.6  1517.6  1517.6  1517.6  1517.6  1517.6
   1517.8  1517.8  1517.8  1517.8  1517.8  1517.8  1517.8  1517.8
   1517.8  1517.8  1517.8  1517.8  1517.8  1517.8  1517.8  1517.8
   1519.4  1519.4  1519.4  1519.4  1519.4  1519.4  1519.4  1519.4
   1519.4  1519.4  1519.4  1519.4  1519.4  1519.4  1519.4  1519.4
     1518    1518    1518    1518    1518    1518    1518    1518
     1518    1518    1518    1518    1518    1518    1518    1518
   1516.3  1516.3  1516.3  1516.3  1516.3  1516.3  1516.3  1516.3
   1516.3  1516.3  1516.3  1516.3  1516.3  1516.3  1516.3  1516.3
     1520    1520    1520    1520    1520    1520    1520    1520
     1520    1520    1520    1520    1520    1520    1520    1520
   1519.1  1519.1  1519.1  1519.1  1519.1  1519.1  1519.1  1519.1
   1519.1  1519.1  1519.1  1519.1  1519.1  1519.1  1519.1  1519.1
   1522.7  1522.7  1522.7  1522.7  1522.7  1522.7  1522.7  1522.7
   1522.7  1522.7  1522.7  1522.7  1522.7  1522.7  1522.7  1522.7
   1518.4  1518.4  1518.4  1518.4  1518.4  1518.4  1518.4  1518.4
   1518.4  1518.4  1518.4  1518.4  1518.4  1518.4  1518.4  1518.4
   1518.3  1518.3  1518.3  1518.3  1518.3  1518.3  1518.3  1518.3
   1518.3  1518.3  1518.3  1518.3  1518.3  1518.3  1518.3  1518.3
   1517.5  1517.5  1517.5  1517.5  1517.5  1517.5  1517.5  1517.5
   1517.5  1517.5  1517.5  1517.5  1517.5  1517.5  1517.5  1517.5
   1523.1  1523.1  1523.1  1523.1  1523.1  1523.1  1523.1  1523.1
   1523.1  1523.1  1523.1  1523.1  1523.1  1523.1  1523.1  1523.1
   1521.8  1521.8  1521.8  1521.8  1521.8  1521.8  1521.8  1521.8
   1521.8  1521.8  1521.8  1521.8  1521.8  1521.8  1521.8  1521.8
   1519.3  1519.3  1519.3  1519.3  1519.3  1519.3  1519.3  1519.3
   1519.3  1519.3  1519.3  1519.3  1519.3  1519.3  1519.3  1519.3
   1521.4  1521.4  1521.4  1521.4  1521.4  1521.4  1521.4  1521.4
   1521.4  1521.4  1521.4  1521.4  1521.4  1521.4  1521.4  1521.4
   1520.3  1520.3  1520.3  1520.3  1520.3  1520.3  1520.3  1520.3
   1520.3  1520.3  1520.3  1520.3  1520.3  1520.3  1520.3  1520.3
R.vdc.matrixelem = 
  t 0 0 0 -1.004600e+00 -3.349200e-01 -4.078700e-02
  y 0 0 0 -5.157400e-03  2.642400e-04  2.234600e-03
  p 0 0 0 -7.435500e-04 -2.130200e-03  1.195000e-03
  D 0 0 0  2.406369e-03  8.439546e-02  6.459328e-03 -1.585281e-03  1.431479e-02
  D 1 0 0 -2.895830e-02  2.293170e-01  9.718974e-02  7.281450e-02
  D 2 0 0 -4.329847e+00  2.248529e+00 -8.480969e-01
  D 0 0 2  9.366622e-02 -1.095027e+00  1.452078e+00
  D 0 2 0  6.353791e-01  1.638510e-01  4.231638e-01
  D 0 1 1 -1.686817e-01 -1.855439e-01  6.959758e-01
  D 3 0 0 -4.265771e+01  9.028942e+01
  D 1 2 0  1.476201e+01  4.274591e+01
  D 1 0 2  1.065731e+01  1.728941e+01
  D 1 1 1 -3.611347e+01  1.920100e+01
  T 0 0 0 -9.144770e-04  1.156196e-03  8.263897e-03  6.505263e-05
  T 1 0 0 -2.298217e+00  5.534133e-01  1.974559e-02  1.811832e-03
  T 2 0 0 -1.501424e+00  3.958098e+00 -1.816605e+00
  T 0 0 2  5.356065e-01 -1.448520e-01 -1.663903e-01
  T 0 2 0  2.066263e-01 -4.296608e-01  1.328881e-01
  T 1 2 0  4.740409e+01 -6.435667e+01
  T 3 0 0 -3.620558e+01 -3.063776e+01
  T 2 0 2 -8.039807e+02
  T 4 0 0 -8.085182e+03
  P 0 0 0  8.459447e-04 -6.801257e-04 -6.454999e-05  7.539834e-04  7.500900e-04
  P 0 0 1 -6.346082e-01 -1.802231e-01  2.152576e-01 -1.158489e-02
  P 1 0 0 -2.306142e-02  1.498717e-02  8.028363e-03 -1.104529e-01
  P 0 1 0 -3.692843e-01  3.374889e-01 -5.786334e-02 -9.805063e-03
  P 0 1 2 -9.153332e+00 -1.454449e+01
  P 1 1 0  3.285039e+00  4.283566e-01 -4.127707e-01
  P 1 0 1  5.147705e+00 -1.180100e+00  1.022151e+00
  P 0 0 3  1.229455e+01 -9.340916e+00
  P 2 0 1  3.203032e+00 -6.947904e+01
  P 2 1 0 -3.948260e+01  3.188811e+01
  P 0 2 1 -2.942879e+00  7.806642e+00
  P 0 3 0 -8.483302e+00 -2.260256e+00
  P 1 0 3 -4.218823e+01
  P 1 3 0 -1.850833e+02
  P 3 0 1 -3.195427e+02
  P 3 1 0 -8.487301e+01
  P 1 1 2 -8.398384e+01
  P 1 2 1 -1.376643e+00
  Y 0 0 0  2.218548e-03  1.479632e-04 -1.492268e-03 -9.895406e-04
  Y 0 0 1  8.313391e-01 -1.089441e+00 -5.862604e-01  7.581722e-02
  Y 0 1 0 -1.119193e+00 -7.556630e-01  1.824871e-01  7.746918e-02
  Y 1 0 0  6.033076e-02 -3.836701e-02 -3.795539e-02  9.218679e-02
  Y 1 0 1 -1.789587e+00 -8.302905e+00 -5.404419e+00
  Y 1 1 0 -1.385738e+01 -1.736003e-01 -1.864309e+00
  Y 1 1 2  2.887639e+02
  Y 1 2 1 -2.136621e+02
  Y 1 0 3  1.355323e+02
  Y 1 3 0  2.561046e+02
  Y 0 0 3  7.803872e+00  2.498266e+01
  Y 2 1 0  1.892587e+02 -1.030216e+02
  Y 0 3 0  1.857689e+01 -2.457322e+01
  Y 2 0 1  3.776544e+02  9.093744e+01
  Y 3 0 1  4.397740e+03
  Y 3 1 0  1.248604e+03


